xcenter = 2681.444742082234
ycenter = 1983.8462758586431
factor0 = 1.008400537216796
factor1 = -1.0387545020559261e-05
factor2 = -6.377735872882887e-09
factor3 = 1.2849119492213075e-12
factor4 = -1.5252014061439834e-16
